       34.837578       34.815083       34.792599       34.770119       34.747646
       34.725182       34.702724       34.680271       34.657829       34.635391
       34.411358       34.388988       34.393566       34.371201       34.348839
       34.326485       34.304134       34.281788       34.259449       33.991714
       33.969429       33.947147       33.924870       33.902596       33.880325
       33.858055       33.835789       33.813526       33.791267       33.769012
       33.773579
       34.778816       34.756340       34.733868       34.711403       34.688946
       34.666496       34.644054       34.621616       34.599186       34.576763
       34.352859       34.330502       34.335091       34.312737       34.290386
       34.268044       34.245705       34.223370       34.201038       33.933411
       33.911133       33.888859       33.866589       33.844322       33.822056
       33.799793       33.777534       33.755280       33.733025       33.710773
       33.715355
       34.769611       34.747131       34.724663       34.702198       34.679741
       34.657291       34.634850       34.612415       34.589985       34.567562
       34.343662       34.321301       34.325905       34.303551       34.281200
       34.258858       34.236519       34.214184       34.191853       33.924229
       33.901951       33.879677       33.857407       33.835136       33.812874
       33.790611       33.768353       33.746094       33.723843       33.701591
       33.706184
       34.702198       34.679741       34.657291       34.634850       34.612415
       34.589985       34.567562       34.545143       34.522736       34.500328
       34.276600       34.254257       34.258858       34.236519       34.214184
       34.191853       34.169529       34.147209       34.124893       33.857407
       33.835136       33.812874       33.790611       33.768353       33.746094
       33.723843       33.701591       33.679340       33.657093       33.634850
       33.639446
       34.665901       34.643456       34.621014       34.598576       34.576149
       34.553726       34.531307       34.508900       34.486496       34.464096
       34.240425       34.218086       34.222702       34.200367       34.178036
       34.155712       34.133392       34.111076       34.088764       33.821323
       33.799057       33.776794       33.754536       33.732281       33.710026
       33.687775       33.665524       33.643276       33.621033       33.598789
       33.603401
       34.621014       34.598576       34.576149       34.553726       34.531307
       34.508900       34.486496       34.464096       34.441704       34.419319
       34.195751       34.173420       34.178036       34.155712       34.133392
       34.111076       34.088764       34.066456       34.044155       33.776794
       33.754536       33.732281       33.710026       33.687775       33.665524
       33.643276       33.621033       33.598789       33.576550       33.554310
       33.558922
       34.611763       34.589329       34.566898       34.544479       34.522060
       34.499653       34.477249       34.454849       34.432457       34.410072
       34.186504       34.164177       34.168800       34.146477       34.124157
       34.101841       34.079529       34.057220       34.034916       33.767555
       33.745296       33.723042       33.700787       33.678535       33.656284
       33.634037       33.611790       33.589550       33.567307       33.545067
       33.549690
       35.109329       35.086716       35.064106       35.041504       35.018913
       34.996326       34.973747       34.951176       34.928608       34.906052
       34.680820       34.658333       34.662548       34.640060       34.617580
       34.595100       34.572632       34.550163       34.527702       34.258533
       34.236130       34.213730       34.191334       34.168941       34.146549
       34.124165       34.101780       34.079399       34.057022       34.034649
       34.038776
       34.549103       34.526688       34.504276       34.481873       34.459476
       34.437084       34.414696       34.392315       34.369942       34.347572
       34.124157       34.101841       34.106461       34.084148       34.061840
       34.039539       34.017239       33.994942       33.972652       33.705406
       33.683155       33.660908       33.638660       33.616413       33.594173
       33.571930       33.549690       33.527454       33.505219       33.482986
       33.487602
       34.535213       34.512794       34.490387       34.467983       34.445583
       34.423191       34.400806       34.378426       34.356052       34.333683
       34.110264       34.087948       34.092583       34.070271       34.047966
       34.025661       34.003361       33.981064       33.958775       33.691525
       33.669270       33.647022       33.624775       33.602528       33.580284
       33.558041       33.535801       33.513565       33.491329       33.469093
       33.473728
       35.072647       35.050041       35.027439       35.004848       34.982262
       34.959682       34.937111       34.914547       34.891991       34.869438
       34.644268       34.621784       34.625988       34.603504       34.581028
       34.558556       34.536091       34.513626       34.491169       34.222031
       34.199631       34.177231       34.154835       34.132442       34.110054
       34.087666       34.065285       34.042904       34.020527       33.998150
       34.002266
       35.064106       35.041504       35.018913       34.996326       34.973747
       34.951176       34.928608       34.906052       34.883499       34.860954
       34.635849       34.613369       34.617580       34.595100       34.572632
       34.550163       34.527702       34.505249       34.482796       34.213730
       34.191334       34.168941       34.146549       34.124165       34.101780
       34.079399       34.057022       34.034649       34.012276       33.989906
       33.994030
       34.490387       34.467983       34.445583       34.423191       34.400806
       34.378426       34.356052       34.333683       34.311317       34.288960
       34.065636       34.043327       34.047966       34.025661       34.003361
       33.981064       33.958775       33.936485       33.914200       33.647022
       33.624775       33.602528       33.580284       33.558041       33.535801
       33.513565       33.491329       33.469093       33.446861       33.424629
       33.429264
       34.481102       34.458698       34.436302       34.413910       34.391521
       34.369141       34.346767       34.324398       34.302032       34.279675
       34.056347       34.034039       34.038685       34.016384       33.994083
       33.971786       33.949493       33.927204       33.904919       33.637733
       33.615486       33.593239       33.570995       33.548756       33.526512
       33.504276       33.482037       33.459801       33.437569       33.415337
       33.419987
       35.021858       34.999260       34.976669       34.954086       34.931507
       34.908936       34.886372       34.863815       34.841263       34.818718
       34.593601       34.571117       34.575298       34.552822       34.530346
       34.507877       34.485413       34.462952       34.440498       34.171356
       34.148952       34.126553       34.104156       34.081760       34.059368
       34.036980       34.014591       33.992207       33.969826       33.947449
       33.951538
       35.009106       34.986515       34.963932       34.941360       34.918793
       34.896229       34.873676       34.851128       34.828587       34.806053
       34.581028       34.558556       34.562748       34.540276       34.517811
       34.495354       34.472897       34.450447       34.428001       34.158970
       34.136578       34.114185       34.091793       34.069408       34.047024
       34.024647       34.002266       33.979893       33.957520       33.935150
       33.939255
       34.413910       34.391521       34.369141       34.346767       34.324398
       34.302032       34.279675       34.257320       34.234970       34.212627
       33.989437       33.967140       33.971786       33.949493       33.927204
       33.904919       33.882637       33.860359       33.838085       33.570995
       33.548756       33.526512       33.504276       33.482037       33.459801
       33.437569       33.415337       33.393105       33.370872       33.348644
       33.353294
       34.399944       34.377560       34.355179       34.332802       34.310432
       34.288067       34.265709       34.243355       34.221004       34.198658
       33.975460       33.953163       33.957829       33.935535       33.913246
       33.890957       33.868675       33.846397       33.824120       33.557018
       33.534775       33.512535       33.490295       33.468056       33.445820
       33.423584       33.401352       33.379116       33.356888       33.334656
       33.339325
       34.976669       34.954086       34.931507       34.908936       34.886372
       34.863815       34.841263       34.818718       34.796181       34.773647
       34.548641       34.526173       34.530346       34.507877       34.485413
       34.462952       34.440498       34.418045       34.395599       34.126553
       34.104156       34.081760       34.059368       34.036980       34.014591
       33.992207       33.969826       33.947449       33.925072       33.902699
       33.906780
       34.355179       34.332802       34.310432       34.288067       34.265709
       34.243355       34.221004       34.198658       34.176319       34.153984
       33.930870       33.908581       33.913246       33.890957       33.868675
       33.846397       33.824120       33.801846       33.779575       33.512535
       33.490295       33.468056       33.445820       33.423584       33.401352
       33.379116       33.356888       33.334656       33.312428       33.290195
       33.294868
       34.917393       34.894821       34.872257       34.849701       34.827148
       34.804604       34.782066       34.759533       34.737007       34.714485
       34.489578       34.467113       34.471272       34.448811       34.426353
       34.403900       34.381454       34.359009       34.336571       34.067577
       34.045181       34.022789       34.000397       33.978012       33.955627
       33.933243       33.910862       33.888485       33.866108       33.843735
       33.847801
       34.288067       34.265709       34.243355       34.221004       34.198658
       34.176319       34.153984       34.131653       34.109329       34.087006
       33.864010       33.841732       33.846397       33.824120       33.801846
       33.779575       33.757309       33.735046       33.712784       33.445820
       33.423584       33.401352       33.379116       33.356888       33.334656
       33.312428       33.290195       33.267967       33.245743       33.223515
       33.228188
       34.278732       34.256371       34.234016       34.211666       34.189323
       34.166981       34.144646       34.122314       34.099987       34.077667
       33.854664       33.832382       33.837059       33.814781       33.792507
       33.770237       33.747971       33.725704       33.703442       33.436466
       33.414230       33.391994       33.369762       33.347530       33.325298
       33.303066       33.280838       33.258610       33.236378       33.214149
       33.218838
       34.884903       34.862335       34.839775       34.817219       34.794670
       34.772129       34.749592       34.727058       34.704536       34.682014
       34.457111       34.434647       34.438789       34.416328       34.393871
       34.371418       34.348969       34.326523       34.304081       34.035053
       34.012653       33.990257       33.967865       33.945473       33.923080
       33.900696       33.878307       33.855927       33.833546       33.811165
       33.815212
       34.872257       34.849701       34.827148       34.804604       34.782066
       34.759533       34.737007       34.714485       34.691971       34.669460
       34.444656       34.422203       34.426353       34.403900       34.381454
       34.359009       34.336571       34.314133       34.291702       34.022789
       34.000397       33.978012       33.955627       33.933243       33.910862
       33.888485       33.866108       33.843735       33.821362       33.798992
       33.803055
       34.234016       34.211666       34.189323       34.166981       34.144646
       34.122314       34.099987       34.077667       34.055347       34.033035
       33.810104       33.787830       33.792507       33.770237       33.747971
       33.725704       33.703442       33.681183       33.658924       33.391994
       33.369762       33.347530       33.325298       33.303066       33.280838
       33.258610       33.236378       33.214149       33.191925       33.169697
       33.174381
       34.219975       34.197624       34.175278       34.152935       34.130600
       34.108269       34.085941       34.063618       34.041298       34.018982
       33.796040       33.773766       33.778458       33.756187       33.733917
       33.711651       33.689388       33.667126       33.644867       33.377918
       33.355682       33.333447       33.311214       33.288982       33.266750
       33.244518       33.222286       33.200058       33.177830       33.155598
       33.160305
       34.817219       34.794670       34.772129       34.749592       34.727058
       34.704536       34.682014       34.659500       34.636993       34.614491
       34.389736       34.367283       34.371418       34.348969       34.326523
       34.304081       34.281643       34.259209       34.236778       33.967865
       33.945473       33.923080       33.900696       33.878307       33.855927
       33.833546       33.811165       33.788788       33.766411       33.744034
       33.748074
       34.152935       34.130600       34.108269       34.085941       34.063618
       34.041298       34.018982       33.996670       33.974365       33.952061
       33.729221       33.706955       33.711651       33.689388       33.667126
       33.644867       33.622612       33.600357       33.578102       33.311214
       33.288982       33.266750       33.244518       33.222286       33.200058
       33.177830       33.155598       33.133369       33.111141       33.088913
       33.093620
       34.780510       34.757965       34.735428       34.712894       34.690369
       34.667850       34.645332       34.622826       34.600319       34.577820
       34.353092       34.330643       34.334763       34.312313       34.289871
       34.267429       34.244991       34.222561       34.200130       33.931206
       33.908813       33.886421       33.864033       33.841644       33.819260
       33.796875       33.774490       33.752110       33.729729       33.707352
       33.711376
       34.772129       34.749592       34.727058       34.704536       34.682014
       34.659500       34.636993       34.614491       34.591991       34.569500
       34.344837       34.322395       34.326523       34.304081       34.281643
       34.259209       34.236778       34.214352       34.191929       33.923080
       33.900696       33.878307       33.855927       33.833546       33.811165
       33.788788       33.766411       33.744034       33.721661       33.699287
       33.703323
       34.108269       34.085941       34.063618       34.041298       34.018982
       33.996670       33.974365       33.952061       33.929764       33.907467
       33.684689       33.662430       33.667126       33.644867       33.622612
       33.600357       33.578102       33.555855       33.533607       33.266750
       33.244518       33.222286       33.200058       33.177830       33.155598
       33.133369       33.111141       33.088913       33.066685       33.044453
       33.049164
       34.098873       34.076546       34.054222       34.031902       34.009586
       33.987274       33.964966       33.942661       33.920361       33.898067
       33.675278       33.653015       33.657726       33.635464       33.613205
       33.590950       33.568699       33.546448       33.524197       33.257324
       33.235092       33.212860       33.190628       33.168396       33.146168
       33.123936       33.101707       33.079475       33.057243       33.035015
       33.039738
       34.712894       34.690369       34.667850       34.645332       34.622826
       34.600319       34.577820       34.555328       34.532837       34.510353
       34.285759       34.263321       34.267429       34.244991       34.222561
       34.200130       34.177704       34.155281       34.132862       33.864033
       33.841644       33.819260       33.796875       33.774490       33.752110
       33.729729       33.707352       33.684975       33.662598       33.640221
       33.644238
       34.031902       34.009586       33.987274       33.964966       33.942661
       33.920361       33.898067       33.875774       33.853481       33.831196
       33.608498       33.586239       33.590950       33.568699       33.546448
       33.524197       33.501949       33.479706       33.457462       33.190628
       33.168396       33.146168       33.123936       33.101707       33.079475
       33.057243       33.035015       33.012783       32.990551       32.968319
       32.973045
       34.680347       34.657822       34.635303       34.612789       34.590279
       34.567776       34.545273       34.522781       34.500290       34.477806
       34.253193       34.230755       34.234844       34.212406       34.189968
       34.167538       34.145107       34.122681       34.100254       33.831367
       33.808975       33.786583       33.764191       33.741802       33.719414
       33.697025       33.674641       33.652256       33.629871       33.607491
       33.611485
       34.667850       34.645332       34.622826       34.600319       34.577820
       34.555328       34.532837       34.510353       34.487873       34.465401
       34.240887       34.218456       34.222561       34.200130       34.177704
       34.155281       34.132862       34.110443       34.088028       33.819260
       33.796875       33.774490       33.752110       33.729729       33.707352
       33.684975       33.662598       33.640221       33.617847       33.595474
       33.599483
       33.987274       33.964966       33.942661       33.920361       33.898067
       33.875774       33.853481       33.831196       33.808914       33.786633
       33.563988       33.541733       33.546448       33.524197       33.501949
       33.479706       33.457462       33.435219       33.412979       33.146168
       33.123936       33.101707       33.079475       33.057243       33.035015
       33.012783       32.990551       32.968319       32.946087       32.923855
       32.928581
       34.612789       34.590279       34.567776       34.545273       34.522781
       34.500290       34.477806       34.455326       34.432850       34.410378
       34.185883       34.163456       34.167538       34.145107       34.122681
       34.100254       34.077835       34.055416       34.033001       33.764191
       33.741802       33.719414       33.697025       33.674641       33.652256
       33.629871       33.607491       33.585106       33.562725       33.540344
       33.544331
       33.925064       33.902767       33.880478       33.858189       33.835903
       33.813618       33.791340       33.769062       33.746792       33.724518
       33.501949       33.479706       33.484413       33.462170       33.439930
       33.417686       33.395451       33.373211       33.350975       33.084198
       33.061966       33.039738       33.017506       32.995277       32.973045
       32.950813       32.928581       32.906349       32.884113       32.861881
       32.866604
       33.910942       33.888641       33.866348       33.844059       33.821770
       33.799484       33.777206       33.754925       33.732651       33.710381
       33.487789       33.465542       33.470268       33.448025       33.425781
       33.403538       33.381298       33.359058       33.336819       33.070011
       33.047779       33.025547       33.003315       32.981083       32.958847
       32.936615       32.914379       32.892143       32.869907       32.847668
       32.852413
       34.571918       34.549416       34.526917       34.504421       34.481934
       34.459450       34.436970       34.414497       34.392025       34.369560
       34.145107       34.122681       34.126751       34.104324       34.081898
       34.059479       34.037060       34.014645       33.992229       33.723427
       33.701035       33.678646       33.656258       33.633869       33.611485
       33.589100       33.566715       33.544331       33.521946       33.499561
       33.503536
       33.866348       33.844059       33.821770       33.799484       33.777206
       33.754925       33.732651       33.710381       33.688110       33.665844
       33.443295       33.421051       33.425781       33.403538       33.381298
       33.359058       33.336819       33.314583       33.292343       33.025547
       33.003315       32.981083       32.958847       32.936615       32.914379
       32.892143       32.869907       32.847668       32.825428       32.803188
       32.807938
       34.516800       34.494301       34.471809       34.449318       34.426834
       34.404350       34.381874       34.359402       34.336933       34.314468
       34.090015       34.067589       34.071640       34.049210       34.026783
       34.004360       33.981937       33.959518       33.937103       33.668240
       33.645844       33.623447       33.601051       33.578655       33.556263
       33.533867       33.511475       33.489082       33.466690       33.444294
       33.448246
       34.504421       34.481934       34.459450       34.436970       34.414497
       34.392025       34.369560       34.347099       34.324638       34.302185
       34.077835       34.055416       34.059479       34.037060       34.014645
       33.992229       33.969818       33.947411       33.925003       33.656258
       33.633869       33.611485       33.589100       33.566715       33.544331
       33.521946       33.499561       33.477177       33.454796       33.432411
       33.436378
       33.799484       33.777206       33.754925       33.732651       33.710381
       33.688110       33.665844       33.643578       33.621315       33.599056
       33.376568       33.354324       33.359058       33.336819       33.314583
       33.292343       33.270107       33.247875       33.225639       32.958847
       32.936615       32.914379       32.892143       32.869907       32.847668
       32.825428       32.803188       32.780949       32.758705       32.736462
       32.741211
       34.471809       34.449318       34.426834       34.404350       34.381874
       34.359402       34.336933       34.314468       34.292007       34.269550
       34.045162       34.022739       34.026783       34.004360       33.981937
       33.959518       33.937103       33.914688       33.892277       33.623447
       33.601051       33.578655       33.556263       33.533867       33.511475
       33.489082       33.466690       33.444294       33.421902       33.399509
       33.403454
       33.754925       33.732651       33.710381       33.688110       33.665844
       33.643578       33.621315       33.599056       33.576797       33.554543
       33.332088       33.309849       33.314583       33.292343       33.270107
       33.247875       33.225639       33.203407       33.181175       32.914379
       32.892143       32.869907       32.847668       32.825428       32.803188
       32.780949       32.758705       32.736462       32.714218       32.691971
       32.696720
       34.404350       34.381874       34.359402       34.336933       34.314468
       34.292007       34.269550       34.247097       34.224648       34.202202
       33.977901       33.955486       33.959518       33.937103       33.914688
       33.892277       33.869865       33.847458       33.825050       33.556263
       33.533867       33.511475       33.489082       33.466690       33.444294
       33.421902       33.399509       33.377117       33.354721       33.332329
       33.336262
       33.688110       33.665844       33.643578       33.621315       33.599056
       33.576797       33.554543       33.532291       33.510040       33.487789
       33.265373       33.243141       33.247875       33.225639       33.203407
       33.181175       33.158939       33.136707       33.114475       32.847668
       32.825428       32.803188       32.780949       32.758705       32.736462
       32.714218       32.691971       32.669720       32.647469       32.625217
       32.629971
       33.673912       33.651642       33.629375       33.607113       33.584850
       33.562592       33.540333       33.518078       33.495823       33.473572
       33.251133       33.228893       33.233650       33.211414       33.189175
       33.166943       33.144707       33.122471       33.100235       32.833393
       32.811150       32.788910       32.766663       32.744419       32.722172
       32.699921       32.677673       32.655418       32.633167       32.610909
       32.615685
       34.359402       34.336933       34.314468       34.292007       34.269550
       34.247097       34.224648       34.202202       34.179760       34.157318
       33.933075       33.910664       33.914688       33.892277       33.869865
       33.847458       33.825050       33.802643       33.780239       33.511475
       33.489082       33.466690       33.444294       33.421902       33.399509
       33.377117       33.354721       33.332329       33.309933       33.287537
       33.291466
       33.629375       33.607113       33.584850       33.562592       33.540333
       33.518078       33.495823       33.473572       33.451321       33.429073
       33.206657       33.184422       33.189175       33.166943       33.144707
       33.122471       33.100235       33.077999       33.055767       32.788910
       32.766663       32.744419       32.722172       32.699921       32.677673
       32.655418       32.633167       32.610909       32.588650       32.566391
       32.571171
       34.292007       34.269550       34.247097       34.224648       34.202202
       34.179760       34.157318       34.134880       34.112446       34.090015
       33.865845       33.843441       33.847458       33.825050       33.802643
       33.780239       33.757835       33.735435       33.713036       33.444294
       33.421902       33.399509       33.377117       33.354721       33.332329
       33.309933       33.287537       33.265141       33.242744       33.220345
       33.224266
       33.562592       33.540333       33.518078       33.495823       33.473572
       33.451321       33.429073       33.406826       33.384583       33.362339
       33.139946       33.117710       33.122471       33.100235       33.077999
       33.055767       33.033531       33.011295       32.989059       32.722172
       32.699921       32.677673       32.655418       32.633167       32.610909
       32.588650       32.566391       32.544128       32.521862       32.499596
       32.504379
       34.247097       34.224648       34.202202       34.179760       34.157318
       34.134880       34.112446       34.090015       34.067589       34.045162
       33.821037       33.798634       33.802643       33.780239       33.757835
       33.735435       33.713036       33.690636       33.668240       33.399509
       33.377117       33.354721       33.332329       33.309933       33.287537
       33.265141       33.242744       33.220345       33.197945       33.175545
       33.179459
       33.518078       33.495823       33.473572       33.451321       33.429073
       33.406826       33.384583       33.362339       33.340096       33.317852
       33.095474       33.073238       33.077999       33.055767       33.033531
       33.011295       32.989059       32.966824       32.944588       32.677673
       32.655418       32.633167       32.610909       32.588650       32.566391
       32.544128       32.521862       32.499596       32.477325       32.455051
       32.459839
       34.179760       34.157318       34.134880       34.112446       34.090015
       34.067589       34.045162       34.022739       34.000320       33.977901
       33.753834       33.731438       33.735435       33.713036       33.690636
       33.668240       33.645844       33.623447       33.601051       33.332329
       33.309933       33.287537       33.265141       33.242744       33.220345
       33.197945       33.175545       33.153145       33.130741       33.108337
       33.112240
       33.451321       33.429073       33.406826       33.384583       33.362339
       33.340096       33.317852       33.295612       33.273373       33.251133
       33.028767       33.006531       33.011295       32.989059       32.966824
       32.944588       32.922348       32.900112       32.877872       32.610909
       32.588650       32.566391       32.544128       32.521862       32.499596
       32.477325       32.455051       32.432777       32.410500       32.388218
       32.393005
       34.134880       34.112446       34.090015       34.067589       34.045162
       34.022739       34.000320       33.977901       33.955486       33.933075
       33.709042       33.686646       33.690636       33.668240       33.645844
       33.623447       33.601051       33.578655       33.556263       33.287537
       33.265141       33.242744       33.220345       33.197945       33.175545
       33.153145       33.130741       33.108337       33.085930       33.063522
       33.067421
       33.406826       33.384583       33.362339       33.340096       33.317852
       33.295612       33.273373       33.251133       33.228893       33.206657
       32.984295       32.962055       32.966824       32.944588       32.922348
       32.900112       32.877872       32.855633       32.833393       32.566391
       32.544128       32.521862       32.499596       32.477325       32.455051
       32.432777       32.410500       32.388218       32.365932       32.343643
       32.348434
       34.067589       34.045162       34.022739       34.000320       33.977901
       33.955486       33.933075       33.910664       33.888252       33.865845
       33.641857       33.619465       33.623447       33.601051       33.578655
       33.556263       33.533867       33.511475       33.489082       33.220345
       33.197945       33.175545       33.153145       33.130741       33.108337
       33.085930       33.063522       33.041111       33.018700       32.996288
       33.000175
       33.344845       33.322605       33.300365       33.278126       33.255886
       33.233650       33.211414       33.189175       33.166943       33.144707
       32.922348       32.900112       32.904873       32.882637       32.860397
       32.838158       32.815918       32.793674       32.771431       32.504379
       32.482109       32.459839       32.437561       32.415287       32.393005
       32.370724       32.348434       32.326145       32.303852       32.281555
       32.286343
       34.026783       34.004360       33.981937       33.959518       33.937103
       33.914688       33.892277       33.869865       33.847458       33.825050
       33.601051       33.578655       33.582626       33.560230       33.537834
       33.515438       33.493038       33.470642       33.448246       33.179459
       33.157055       33.134647       33.112240       33.089832       33.067421
       33.045006       33.022594       33.000175       32.977757       32.955338
       32.959213
       33.300365       33.278126       33.255886       33.233650       33.211414
       33.189175       33.166943       33.144707       33.122471       33.100235
       32.877872       32.855633       32.860397       32.838158       32.815918
       32.793674       32.771431       32.749187       32.726944       32.459839
       32.437561       32.415287       32.393005       32.370724       32.348434
       32.326145       32.303852       32.281555       32.259254       32.236954
       32.241741
       33.981937       33.959518       33.937103       33.914688       33.892277
       33.869865       33.847458       33.825050       33.802643       33.780239
       33.556263       33.533867       33.537834       33.515438       33.493038
       33.470642       33.448246       33.425850       33.403454       33.134647
       33.112240       33.089832       33.067421       33.045006       33.022594
       33.000175       32.977757       32.955338       32.932915       32.910488
       32.914360
       33.255886       33.233650       33.211414       33.189175       33.166943
       33.144707       33.122471       33.100235       33.077999       33.055767
       32.833393       32.811150       32.815918       32.793674       32.771431
       32.749187       32.726944       32.704693       32.682446       32.415287
       32.393005       32.370724       32.348434       32.326145       32.303852
       32.281555       32.259254       32.236954       32.214645       32.192333
       32.197124
       33.914688       33.892277       33.869865       33.847458       33.825050
       33.802643       33.780239       33.757835       33.735435       33.713036
       33.489082       33.466690       33.470642       33.448246       33.425850
       33.403454       33.381058       33.358662       33.336262       33.067421
       33.045006       33.022594       33.000175       32.977757       32.955338
       32.932915       32.910488       32.888062       32.865631       32.843197
       32.847057
       33.189175       33.166943       33.144707       33.122471       33.100235
       33.077999       33.055767       33.033531       33.011295       32.989059
       32.766663       32.744419       32.749187       32.726944       32.704693
       32.682446       32.660194       32.637939       32.615685       32.348434
       32.326145       32.303852       32.281555       32.259254       32.236954
       32.214645       32.192333       32.170017       32.147697       32.125374
       32.130169
       33.869865       33.847458       33.825050       33.802643       33.780239
       33.757835       33.735435       33.713036       33.690636       33.668240
       33.444294       33.421902       33.425850       33.403454       33.381058
       33.358662       33.336262       33.313866       33.291466       33.022594
       33.000175       32.977757       32.955338       32.932915       32.910488
       32.888062       32.865631       32.843197       32.820763       32.798325
       32.802177
       33.144707       33.122471       33.100235       33.077999       33.055767
       33.033531       33.011295       32.989059       32.966824       32.944588
       32.722172       32.699921       32.704693       32.682446       32.660194
       32.637939       32.615685       32.593430       32.571171       32.303852
       32.281555       32.259254       32.236954       32.214645       32.192333
       32.170017       32.147697       32.125374       32.103046       32.080715
       32.085514
       33.802643       33.780239       33.757835       33.735435       33.713036
       33.690636       33.668240       33.645844       33.623447       33.601051
       33.377117       33.354721       33.358662       33.336262       33.313866
       33.291466       33.269066       33.246666       33.224266       32.955338
       32.932915       32.910488       32.888062       32.865631       32.843197
       32.820763       32.798325       32.775883       32.753437       32.730991
       32.734837
       33.092243       33.070011       33.047779       33.025547       33.003315
       32.981083       32.958847       32.936615       32.914379       32.892143
       32.669720       32.647469       32.652222       32.629971       32.607716
       32.585461       32.563202       32.540943       32.518681       32.251297
       32.228992       32.206684       32.184372       32.162056       32.139736
       32.117413       32.095085       32.072754       32.050415       32.028072
       32.032852
       33.077999       33.055767       33.033531       33.011295       32.989059
       32.966824       32.944588       32.922348       32.900112       32.877872
       32.655418       32.633167       32.637939       32.615685       32.593430
       32.571171       32.548908       32.526646       32.504379       32.236954
       32.214645       32.192333       32.170017       32.147697       32.125374
       32.103046       32.080715       32.058380       32.036037       32.013691
       32.018494
       33.757835       33.735435       33.713036       33.690636       33.668240
       33.645844       33.623447       33.601051       33.578655       33.556263
       33.332329       33.309933       33.313866       33.291466       33.269066
       33.246666       33.224266       33.201862       33.179459       32.910488
       32.888062       32.865631       32.843197       32.820763       32.798325
       32.775883       32.753437       32.730991       32.708538       32.686085
       32.689922
       33.047779       33.025547       33.003315       32.981083       32.958847
       32.936615       32.914379       32.892143       32.869907       32.847668
       32.625217       32.602962       32.607716       32.585461       32.563202
       32.540943       32.518681       32.496414       32.474144       32.206684
       32.184372       32.162056       32.139736       32.117413       32.095085
       32.072754       32.050415       32.028072       32.005726       31.983376
       31.988155
       33.690636       33.668240       33.645844       33.623447       33.601051
       33.578655       33.556263       33.533867       33.511475       33.489082
       33.265141       33.242744       33.246666       33.224266       33.201862
       33.179459       33.157055       33.134647       33.112240       32.843197
       32.820763       32.798325       32.775883       32.753437       32.730991
       32.708538       32.686085       32.663628       32.641167       32.618702
       32.622532
       33.678646       33.656258       33.633869       33.611485       33.589100
       33.566715       33.544331       33.521946       33.499561       33.477177
       33.253334       33.230946       33.234882       33.212490       33.190098
       33.167702       33.145309       33.122910       33.100513       32.831585
       32.809158       32.786728       32.764294       32.741859       32.719421
       32.696980       32.674534       32.652084       32.629635       32.607178
       32.611023
       32.981083       32.958847       32.936615       32.914379       32.892143
       32.869907       32.847668       32.825428       32.803188       32.780949
       32.558445       32.536182       32.540943       32.518681       32.496414
       32.474144       32.451874       32.429600       32.407326       32.139736
       32.117413       32.095085       32.072754       32.050415       32.028072
       32.005726       31.983376       31.961020       31.938658       31.916292
       31.921076
       33.633869       33.611485       33.589100       33.566715       33.544331
       33.521946       33.499561       33.477177       33.454796       33.432411
       33.208557       33.186165       33.190098       33.167702       33.145309
       33.122910       33.100513       33.078114       33.055710       32.786728
       32.764294       32.741859       32.719421       32.696980       32.674534
       32.652084       32.629635       32.607178       32.584717       32.562256
       32.566093
       32.950813       32.928581       32.906349       32.884113       32.861881
       32.839645       32.817406       32.795170       32.772930       32.750687
       32.528175       32.505913       32.510651       32.488384       32.466118
       32.443848       32.421574       32.399296       32.377018       32.109383
       32.087055       32.064720       32.042381       32.020039       31.997692
       31.975338       31.952982       31.930618       31.908251       31.885878
       31.890638
       32.936615       32.914379       32.892143       32.869907       32.847668
       32.825428       32.803188       32.780949       32.758705       32.736462
       32.513920       32.491653       32.496414       32.474144       32.451874
       32.429600       32.407326       32.385044       32.362762       32.095085
       32.072754       32.050415       32.028072       32.005726       31.983376
       31.961020       31.938658       31.916292       31.893919       31.871542
       31.876329
       33.566715       33.544331       33.521946       33.499561       33.477177
       33.454796       33.432411       33.410027       33.387646       33.365261
       33.141384       33.118988       33.122910       33.100513       33.078114
       33.055710       33.033310       33.010902       32.988495       32.719421
       32.696980       32.674534       32.652084       32.629635       32.607178
       32.584717       32.562256       32.539787       32.517315       32.494839
       32.498672
       32.888836       32.866604       32.844368       32.822132       32.799892
       32.777657       32.755417       32.733173       32.710930       32.688686
       32.466118       32.443848       32.448582       32.426308       32.404034
       32.381752       32.359470       32.337185       32.314899       32.047134
       32.024792       32.002445       31.980095       31.957739       31.935377
       31.913012       31.890638       31.868261       31.845879       31.823490
       31.828247
       33.521946       33.499561       33.477177       33.454796       33.432411
       33.410027       33.387646       33.365261       33.342876       33.320492
       33.096592       33.074196       33.078114       33.055710       33.033310
       33.010902       32.988495       32.966087       32.943676       32.674534
       32.652084       32.629635       32.607178       32.584717       32.562256
       32.539787       32.517315       32.494839       32.472359       32.449875
       32.453701
       33.509983       33.487606       33.465233       33.442860       33.420486
       33.398109       33.375736       33.353363       33.330986       33.308609
       33.084805       33.062416       33.066349       33.043957       33.021561
       32.999165       32.976768       32.954369       32.931965       32.662933
       32.640491       32.618050       32.595600       32.573151       32.550697
       32.528236       32.505775       32.483307       32.460835       32.438358
       32.442204
       32.844368       32.822132       32.799892       32.777657       32.755417
       32.733173       32.710930       32.688686       32.666439       32.644188
       32.421574       32.399296       32.404034       32.381752       32.359470
       32.337185       32.314899       32.292606       32.270309       32.002445
       31.980095       31.957739       31.935377       31.913012       31.890638
       31.868261       31.845879       31.823490       31.801096       31.778696
       31.783455
       33.446842       33.424465       33.402088       33.379711       33.357334
       33.334953       33.312576       33.290195       33.267815       33.245434
       33.021561       32.999165       33.003082       32.980682       32.958279
       32.935875       32.913467       32.891056       32.868645       32.599464
       32.577011       32.554554       32.532093       32.509628       32.487156
       32.464684       32.442204       32.419720       32.397232       32.374741
       32.378571
       32.787086       32.764851       32.742607       32.720367       32.698124
       32.675880       32.653633       32.631382       32.609131       32.586880
       32.364201       32.341919       32.346642       32.324352       32.302063
       32.279770       32.257473       32.235172       32.212868       31.944870
       31.922506       31.900137       31.877762       31.855381       31.832996
       31.810604       31.788206       31.765802       31.743393       31.720978
       31.725723
       32.777657       32.755417       32.733173       32.710930       32.688686
       32.666439       32.644188       32.621937       32.599686       32.577431
       32.354733       32.332447       32.337185       32.314899       32.292606
       32.270309       32.248013       32.225708       32.203400       31.935377
       31.913012       31.890638       31.868261       31.845879       31.823490
       31.801096       31.778696       31.756290       31.733879       31.711460
       31.716225
       33.402088       33.379711       33.357334       33.334953       33.312576
       33.290195       33.267815       33.245434       33.223053       33.200672
       32.976768       32.954369       32.958279       32.935875       32.913467
       32.891056       32.868645       32.846230       32.823811       32.554554
       32.532093       32.509628       32.487156       32.464684       32.442204
       32.419720       32.397232       32.374741       32.352245       32.329742
       32.333565
       33.394127       33.371758       33.349384       33.327015       33.304642
       33.282269       33.259892       33.237518       33.215141       33.192764
       32.968922       32.946529       32.950451       32.928051       32.905651
       32.883247       32.860840       32.838428       32.816017       32.546829
       32.524376       32.501915       32.479450       32.456982       32.434509
       32.412033       32.389549       32.367062       32.344570       32.322075
       32.325912
       32.742607       32.720367       32.698124       32.675880       32.653633
       32.631382       32.609131       32.586880       32.564621       32.542366
       32.319630       32.297340       32.302063       32.279770       32.257473
       32.235172       32.212868       32.190559       32.168247       31.900137
       31.877762       31.855381       31.832996       31.810604       31.788206
       31.765802       31.743393       31.720978       31.698557       31.676128
       31.680878
       33.327015       33.304642       33.282269       33.259892       33.237518
       33.215141       33.192764       33.170387       33.148010       33.125629
       32.901733       32.879333       32.883247       32.860840       32.838428
       32.816017       32.793606       32.771187       32.748768       32.479450
       32.456982       32.434509       32.412033       32.389549       32.367062
       32.344570       32.322075       32.299572       32.277065       32.254555
       32.258385
       32.689983       32.667740       32.645493       32.623245       32.600994
       32.578743       32.556484       32.534229       32.511967       32.489704
       32.266903       32.244606       32.249310       32.227009       32.204700
       32.182392       32.160076       32.137760       32.115437       31.847191
       31.824802       31.802408       31.780008       31.757603       31.735191
       31.712772       31.690348       31.667917       31.645481       31.623037
       31.627762
       32.675880       32.653633       32.631382       32.609131       32.586880
       32.564621       32.542366       32.520103       32.497841       32.475574
       32.252747       32.230446       32.235172       32.212868       32.190559
       32.168247       32.145927       32.123608       32.101280       31.832996
       31.810604       31.788206       31.765802       31.743393       31.720978
       31.698557       31.676128       31.653694       31.631254       31.608807
       31.613558
       33.282269       33.259892       33.237518       33.215141       33.192764
       33.170387       33.148010       33.125629       33.103249       33.080864
       32.856930       32.834522       32.838428       32.816017       32.793606
       32.771187       32.748768       32.726341       32.703915       32.434509
       32.412033       32.389549       32.367062       32.344570       32.322075
       32.299572       32.277065       32.254555       32.232037       32.209515
       32.213337
       33.270336       33.247971       33.225605       33.203239       33.180870
       33.158501       33.136131       33.113758       33.091385       33.069012
       32.845161       32.822765       32.826691       32.804287       32.781879
       32.759472       32.737061       32.714645       32.692226       32.422920
       32.400452       32.377975       32.355499       32.333015       32.310528
       32.288033       32.265537       32.243031       32.220524       32.198009
       32.201851
       32.654865       32.632618       32.610367       32.588116       32.565865
       32.543606       32.521347       32.499088       32.476822       32.454556
       32.231705       32.209400       32.214092       32.191784       32.169472
       32.147156       32.124836       32.102509       32.080181       31.811834
       31.789436       31.767033       31.744623       31.722206       31.699785
       31.677357       31.654922       31.632481       31.610031       31.587578
       31.592289
       32.645493       32.623245       32.600994       32.578743       32.556484
       32.534229       32.511967       32.489704       32.467438       32.445168
       32.222301       32.199997       32.204700       32.182392       32.160076
       32.137760       32.115437       32.093109       32.070778       31.802408
       31.780008       31.757603       31.735191       31.712772       31.690348
       31.667917       31.645481       31.623037       31.600586       31.578129
       31.582857
       33.203239       33.180870       33.158501       33.136131       33.113758
       33.091385       33.069012       33.046635       33.024258       33.001877
       32.777962       32.755554       32.759472       32.737061       32.714645
       32.692226       32.669804       32.647381       32.624950       32.355499
       32.333015       32.310528       32.288033       32.265537       32.243031
       32.220524       32.198009       32.175488       32.152962       32.130432
       32.134266
       32.588116       32.565865       32.543606       32.521347       32.499088
       32.476822       32.454556       32.432285       32.410011       32.387737
       32.164780       32.142460       32.147156       32.124836       32.102509
       32.080181       32.057846       32.035507       32.013161       31.744623
       31.722206       31.699785       31.677357       31.654922       31.632481
       31.610031       31.587578       31.565115       31.542646       31.520170
       31.524885
       33.150551       33.128185       33.105820       33.083454       33.061085
       33.038715       33.016342       32.993969       32.971592       32.949215
       32.725300       32.702892       32.706818       32.684402       32.661987
       32.639568       32.617146       32.594719       32.572289       32.302795
       32.280308       32.257816       32.235317       32.212814       32.190304
       32.167789       32.145271       32.122742       32.100212       32.077675
       32.081516
       32.557621       32.535362       32.513103       32.490841       32.468578
       32.446308       32.424038       32.401764       32.379490       32.357208
       32.134201       32.111877       32.116547       32.094219       32.071888
       32.049553       32.027210       32.004868       31.982515       31.713877
       31.691450       31.669020       31.646582       31.624136       31.601685
       31.579226       31.556761       31.534288       31.511808       31.489323
       31.494013
       32.543606       32.521347       32.499088       32.476822       32.454556
       32.432285       32.410011       32.387737       32.365456       32.343174
       32.120140       32.097813       32.102509       32.080181       32.057846
       32.035507       32.013161       31.990814       31.968460       31.699785
       31.677357       31.654922       31.632481       31.610031       31.587578
       31.565115       31.542646       31.520170       31.497688       31.475199
       31.479916
       33.071514       33.049152       33.026791       33.004425       32.982059
       32.959694       32.937321       32.914951       32.892574       32.870201
       32.646282       32.623875       32.627808       32.605392       32.582973
       32.560551       32.538124       32.515694       32.493259       32.223698
       32.201202       32.178699       32.156193       32.133678       32.111160
       32.088638       32.066109       32.043571       32.021027       31.998480
       32.002335
       32.500153       32.477890       32.455624       32.433353       32.411079
       32.388805       32.366528       32.344242       32.321957       32.299667
       32.076553       32.054218       32.058876       32.036537       32.014194
       31.991844       31.969490       31.947130       31.924767       31.655939
       31.633495       31.611046       31.588591       31.566126       31.543657
       31.521179       31.498693       31.476202       31.453703       31.431196
       31.435873
       32.490841       32.468578       32.446308       32.424038       32.401764
       32.379490       32.357208       32.334923       32.312637       32.290344
       32.067215       32.044880       32.049553       32.027210       32.004868
       31.982515       31.960159       31.937798       31.915430       31.646582
       31.624136       31.601685       31.579226       31.556761       31.534288
       31.511808       31.489323       31.466827       31.444326       31.421818
       31.426512
       33.026791       33.004425       32.982059       32.959694       32.937321
       32.914951       32.892574       32.870201       32.847820       32.825439
       32.601463       32.579044       32.582973       32.560551       32.538124
       32.515694       32.493259       32.470821       32.448380       32.178699
       32.156193       32.133678       32.111160       32.088638       32.066109
       32.043571       32.021027       31.998480       31.975924       31.953362
       31.957212
       33.018814       32.996456       32.974094       32.951733       32.929367
       32.907001       32.884632       32.862259       32.839886       32.817509
       32.593582       32.571175       32.575111       32.552696       32.530273
       32.507847       32.485420       32.462986       32.440548       32.170929
       32.148430       32.125919       32.103409       32.080887       32.058361
       32.035831       32.013294       31.990749       31.968199       31.945642
       31.949505
       32.469536       32.447269       32.424999       32.402725       32.380447
       32.358166       32.335884       32.313595       32.291306       32.269009
       32.045834       32.023491       32.028126       32.005779       31.983427
       31.961071       31.938707       31.916340       31.893967       31.625025
       31.602571       31.580111       31.557644       31.535170       31.512688
       31.490198       31.467701       31.445198       31.422686       31.400167
       31.404819
       32.455624       32.433353       32.411079       32.388805       32.366528
       32.344242       32.321957       32.299667       32.277374       32.255077
       32.031879       32.009533       32.014194       31.991844       31.969490
       31.947130       31.924767       31.902395       31.880020       31.611046
       31.588591       31.566126       31.543657       31.521179       31.498693
       31.476202       31.453703       31.431196       31.408682       31.386160
       31.390837
       32.951733       32.929367       32.907001       32.884632       32.862259
       32.839886       32.817509       32.795132       32.772751       32.750366
       32.526340       32.503918       32.507847       32.485420       32.462986
       32.440548       32.418106       32.395660       32.373211       32.103409
       32.080887       32.058361       32.035831       32.013294       31.990749
       31.968199       31.945642       31.923079       31.900509       31.877932
       31.881786
       32.939751       32.917393       32.895035       32.872673       32.850311
       32.827942       32.805573       32.783203       32.760830       32.738453
       32.514500       32.492085       32.496037       32.473614       32.451187
       32.428757       32.406322       32.383884       32.361439       32.091724
       32.069214       32.046696       32.024170       32.001640       31.979103
       31.956558       31.934010       31.911453       31.888889       31.866320
       31.870197
       32.438850       32.416576       32.394302       32.372025       32.349743
       32.327457       32.305168       32.282875       32.260578       32.238277
       32.015030       31.992680       31.997293       31.974937       31.952578
       31.930212       31.907841       31.885464       31.863081       31.594017
       31.571552       31.549082       31.526602       31.504116       31.481623
       31.459122       31.436611       31.414095       31.391571       31.369040
       31.373667
       32.407349       32.385075       32.362793       32.340511       32.318222
       32.295933       32.273640       32.251339       32.229038       32.206734
       31.983427       31.961071       31.965700       31.943338       31.920971
       31.898600       31.876221       31.853838       31.831448       31.562288
       31.539814       31.517334       31.494846       31.472351       31.449848
       31.427338       31.404819       31.382292       31.359758       31.337215
       31.341862
       32.899029       32.876663       32.854298       32.831928       32.809559
       32.787186       32.764809       32.742428       32.720047       32.697659
       32.473614       32.451187       32.455128       32.432693       32.410255
       32.387817       32.365372       32.342918       32.320465       32.050591
       32.028065       32.005531       31.982992       31.960445       31.937893
       31.915335       31.892769       31.870197       31.847618       31.825031
       31.828897
       32.891033       32.868675       32.846313       32.823952       32.801582
       32.779217       32.756844       32.734470       32.712090       32.689709
       32.465714       32.443291       32.447243       32.424816       32.402382
       32.379948       32.357506       32.335060       32.312607       32.042789
       32.020267       31.997742       31.975206       31.952665       31.930119
       31.907564       31.885002       31.862434       31.839861       31.817278
       31.821159
       32.408092       32.385815       32.363533       32.341248       32.318962
       32.296669       32.274372       32.252075       32.229771       32.207462
       31.984142       31.961784       31.966375       31.944012       31.921642
       31.899267       31.876886       31.854500       31.832109       31.562916
       31.540440       31.517956       31.495464       31.472965       31.450459
       31.427946       31.405424       31.382895       31.360355       31.337811
       31.342413
       32.394302       32.372025       32.349743       32.327457       32.305168
       32.282875       32.260578       32.238277       32.215969       32.193661
       31.970324       31.947962       31.952578       31.930212       31.907841
       31.885464       31.863081       31.840693       31.818300       31.549082
       31.526602       31.504116       31.481623       31.459122       31.436611
       31.414095       31.391571       31.369040       31.346498       31.323950
       31.328579
       32.823952       32.801582       32.779217       32.756844       32.734470
       32.712090       32.689709       32.667328       32.644939       32.622547
       32.398434       32.375999       32.379948       32.357506       32.335060
       32.312607       32.290154       32.267693       32.245228       31.975206
       31.952665       31.930119       31.907564       31.885002       31.862434
       31.839861       31.817278       31.794689       31.772093       31.749491
       31.753363
       32.789581       32.767216       32.744854       32.722485       32.700115
       32.677742       32.655365       32.632984       32.610600       32.588215
       32.364128       32.341698       32.345657       32.323219       32.300777
       32.278328       32.255875       32.233414       32.210953       31.940943
       31.918402       31.895853       31.873301       31.850739       31.828171
       31.805595       31.783012       31.760424       31.737827       31.715221
       31.719114
       32.350407       32.328121       32.305828       32.283535       32.261234
       32.238934       32.216629       32.194317       32.172001       32.149681
       31.926226       31.903852       31.908430       31.886049       31.863665
       31.841274       31.818878       31.796474       31.774067       31.504650
       31.482153       31.459648       31.437136       31.414616       31.392086
       31.369551       31.347006       31.324453       31.301893       31.279324
       31.283911
       32.341248       32.318962       32.296669       32.274372       32.252075
       32.229771       32.207462       32.185154       32.162838       32.140514
       31.917049       31.894674       31.899267       31.876886       31.854500
       31.832109       31.809711       31.787308       31.764898       31.495464
       31.472965       31.450459       31.427946       31.405424       31.382895
       31.360355       31.337811       31.315256       31.292694       31.270124
       31.274729
       32.744854       32.722485       32.700115       32.677742       32.655365
       32.632984       32.610600       32.588215       32.565823       32.543430
       32.319260       32.296818       32.300777       32.278328       32.255875
       32.233414       32.210953       32.188484       32.166008       31.895853
       31.873301       31.850739       31.828171       31.805595       31.783012
       31.760424       31.737827       31.715221       31.692610       31.669991
       31.673880
       32.736832       32.714466       32.692101       32.669731       32.647358
       32.624985       32.602604       32.580223       32.557835       32.535446
       32.311325       32.288887       32.292858       32.270412       32.247963
       32.225510       32.203049       32.180584       32.158115       31.888012
       31.865461       31.842905       31.820341       31.797771       31.775192
       31.752607       31.730015       31.707415       31.684807       31.662191
       31.666094
       32.724751       32.702396       32.680035       32.657673       32.635307
       32.612938       32.590565       32.568192       32.545811       32.523426
       32.299370       32.276939       32.280926       32.258492       32.236046
       32.213600       32.191147       32.168686       32.146225       31.876196
       31.853653       31.831102       31.808544       31.785980       31.763407
       31.740828       31.718243       31.695648       31.673046       31.650436
       31.654362
       32.319511       32.297218       32.274921       32.252621       32.230316
       32.208008       32.185692       32.163376       32.141052       32.118725
       31.895182       31.872797       31.877352       31.854963       31.832567
       31.810167       31.787760       31.765347       31.742928       31.473366
       31.450855       31.428337       31.405811       31.383276       31.360735
       31.338184       31.315626       31.293058       31.270483       31.247900
       31.252462
       32.305828       32.283535       32.261234       32.238934       32.216629
       32.194317       32.172001       32.149681       32.127357       32.105030
       31.881472       31.859087       31.863665       31.841274       31.818878
       31.796474       31.774067       31.751652       31.729231       31.459648
       31.437136       31.414616       31.392086       31.369551       31.347006
       31.324453       31.301893       31.279324       31.256746       31.234161
       31.238749
       32.657673       32.635307       32.612938       32.590565       32.568192
       32.545811       32.523426       32.501041       32.478649       32.456253
       32.232063       32.209618       32.213600       32.191147       32.168686
       32.146225       32.123753       32.101280       32.078800       31.808544
       31.785980       31.763407       31.740828       31.718243       31.695648
       31.673046       31.650436       31.627819       31.605194       31.582560
       31.586479
       32.649605       32.627243       32.604877       32.582512       32.560139
       32.537762       32.515385       32.493000       32.470615       32.448223
       32.224072       32.201630       32.205627       32.183178       32.160725
       32.138264       32.115799       32.093327       32.070850       31.800644
       31.778082       31.755514       31.732939       31.710356       31.687767
       31.665169       31.642563       31.619949       31.597328       31.574697
       31.578632
       32.275284       32.252983       32.230675       32.208363       32.186043
       32.163723       32.141399       32.119068       32.096733       32.074394
       31.850708       31.828308       31.832825       31.810419       31.788008
       31.765591       31.743168       31.720737       31.698299       31.428511
       31.405979       31.383440       31.360893       31.338337       31.315773
       31.293201       31.270620       31.248032       31.225433       31.202826
       31.207346
       32.261707       32.239403       32.217094       32.194782       32.172466
       32.150143       32.127815       32.105484       32.083149       32.060810
       31.837114       31.814714       31.819254       31.796848       31.774435
       31.752016       31.729591       31.707161       31.684723       31.414917
       31.392384       31.369843       31.347294       31.324738       31.302172
       31.279596       31.257015       31.234423       31.211823       31.189215
       31.193760
       32.604877       32.582512       32.560139       32.537762       32.515385
       32.493000       32.470615       32.448223       32.425827       32.403431
       32.179184       32.156731       32.160725       32.138264       32.115799
       32.093327       32.070850       32.048367       32.025879       31.755514
       31.732939       31.710356       31.687767       31.665169       31.642563
       31.619949       31.597328       31.574697       31.552061       31.529415
       31.533346
       32.592743       32.570381       32.548016       32.525646       32.503273
       32.480896       32.458515       32.436131       32.413742       32.391346
       32.167160       32.144714       32.148724       32.126270       32.103813
       32.081348       32.058876       32.036400       32.013916       31.743620
       31.721050       31.698473       31.675888       31.653296       31.630695
       31.608088       31.585472       31.562847       31.540216       31.517574
       31.521530
       32.584621       32.562263       32.539902       32.517536       32.495167
       32.472794       32.450417       32.428036       32.405651       32.383263
       32.159111       32.136665       32.140694       32.118244       32.095787
       32.073326       32.050858       32.028385       32.005905       31.735655
       31.713087       31.690514       31.667933       31.645344       31.622747
       31.600143       31.577530       31.554911       31.532282       31.509644
       31.513613
       32.253155       32.230843       32.208527       32.186207       32.163883
       32.141552       32.119217       32.096878       32.074535       32.052189
       31.828403       31.805994       31.810471       31.788054       31.765631
       31.743202       31.720768       31.698326       31.675877       31.405931
       31.383387       31.360834       31.338272       31.315701       31.293123
       31.270536       31.247940       31.225334       31.202721       31.180098
       31.184574
       32.239689       32.217377       32.195061       32.172741       32.150414
       32.128082       32.105751       32.083408       32.061066       32.038715
       31.814928       31.792517       31.797016       31.774599       31.752176
       31.729748       31.707312       31.684868       31.662418       31.392464
       31.369917       31.347363       31.324799       31.302227       31.279648
       31.257059       31.234463       31.211857       31.189241       31.166616
       31.171120
       32.230675       32.208363       32.186043       32.163723       32.141399
       32.119068       32.096733       32.074394       32.052048       32.029697
       31.805904       31.783491       31.788008       31.765591       31.743168
       31.720737       31.698299       31.675856       31.653406       31.383440
       31.360893       31.338337       31.315773       31.293201       31.270620
       31.248032       31.225433       31.202826       31.180210       31.157585
       31.162106
       32.517536       32.495167       32.472794       32.450417       32.428036
       32.405651       32.383263       32.360867       32.338470       32.316067
       32.091766       32.069305       32.073326       32.050858       32.028385
       32.005905       31.983421       31.960930       31.938433       31.667933
       31.645344       31.622747       31.600143       31.577530       31.554911
       31.532282       31.509644       31.487000       31.464344       31.441683
       31.445646
       32.505325       32.482960       32.460594       32.438221       32.415848
       32.393467       32.371082       32.348694       32.326302       32.303905
       32.079655       32.057201       32.061245       32.038780       32.016315
       31.993839       31.971359       31.948874       31.926382       31.655943
       31.633360       31.610767       31.588169       31.565561       31.542946
       31.520323       31.497690       31.475050       31.452400       31.429743
       31.433731
       32.497150       32.474792       32.452427       32.430061       32.407688
       32.385311       32.362930       32.340546       32.318157       32.295765
       32.071548       32.049099       32.053154       32.030697       32.008232
       31.985760       31.963284       31.940802       31.918312       31.647913
       31.625332       31.602745       31.580149       31.557543       31.534931
       31.512310       31.489681       31.467045       31.444399       31.421743
       31.425747
       32.230827       32.208508       32.186180       32.163853       32.141518
       32.119179       32.096836       32.074486       32.052132       32.029774
       31.805882       31.783461       31.787897       31.765469       31.743034
       31.720592       31.698145       31.675690       31.653229       31.383116
       31.360554       31.337986       31.315409       31.292822       31.270227
       31.247625       31.225014       31.202393       31.179762       31.157122
       31.161554
       32.195148       32.172825       32.150494       32.128162       32.105824
       32.083477       32.061131       32.038776       32.016418       31.994053
       31.770100       31.747671       31.752132       31.729698       31.707256
       31.684809       31.662354       31.639891       31.617422       31.347210
       31.324640       31.302063       31.279476       31.256882       31.234278
       31.211664       31.189043       31.166410       31.143770       31.121120
       31.125580
       32.186207       32.163883       32.141552       32.119217       32.096878
       32.074535       32.052189       32.029835       32.007473       31.985109
       31.761154       31.738726       31.743202       31.720768       31.698326
       31.675877       31.653421       31.630959       31.608490       31.338272
       31.315701       31.293123       31.270536       31.247940       31.225334
       31.202721       31.180098       31.157467       31.134825       31.112175
       31.116653
       32.452427       32.430061       32.407688       32.385311       32.362930
       32.340546       32.318157       32.295765       32.273365       32.250961
       32.026642       32.004177       32.008232       31.985760       31.963284
       31.940802       31.918312       31.895817       31.873314       31.602745
       31.580149       31.557543       31.534931       31.512310       31.489681
       31.467045       31.444399       31.421743       31.399080       31.376408
       31.380409
       32.440132       32.417770       32.395401       32.373032       32.350655
       32.328278       32.305893       32.283501       32.261108       32.238708
       32.014439       31.991982       31.996054       31.973589       31.951117
       31.928638       31.906155       31.883663       31.861166       31.590651
       31.568060       31.545460       31.522852       31.500237       31.477612
       31.454979       31.432337       31.409687       31.387028       31.364361
       31.368383
       32.409542       32.387180       32.364811       32.342438       32.320061
       32.297680       32.275295       32.252903       32.230511       32.208111
       31.983814       31.961351       31.965439       31.942968       31.920494
       31.898012       31.875525       31.853031       31.830530       31.559961
       31.537365       31.514761       31.492147       31.469524       31.446896
       31.424257       31.401609       31.378952       31.356287       31.333614
       31.337652
       32.397156       32.374798       32.352432       32.330067       32.307693
       32.285316       32.262936       32.240547       32.218159       32.195763
       31.971510       31.949053       31.953159       31.930695       31.908224
       31.885748       31.863264       31.840775       31.818277       31.547758
       31.525166       31.502565       31.479956       31.457338       31.434711
       31.412077       31.389433       31.366781       31.344120       31.321449
       31.325512
       32.388866       32.366508       32.344147       32.321785       32.299416
       32.277039       32.254662       32.232277       32.209888       32.187496
       31.963270       31.940817       31.944939       31.922476       31.900009
       31.877535       31.855053       31.832565       31.810072       31.539583
       31.516994       31.494394       31.471788       31.449173       31.426550
       31.403917       31.381275       31.358625       31.335968       31.313299
       31.317379
       32.208298       32.185966       32.163631       32.141293       32.118950
       32.096600       32.074245       32.051888       32.029522       32.007153
       31.783140       31.760704       31.765102       31.742661       31.720213
       31.697758       31.675297       31.652828       31.630352       31.360058
       31.337481       31.314896       31.292301       31.269699       31.247087
       31.224466       31.201838       31.179199       31.156551       31.133894
       31.138283
       32.195049       32.172722       32.150387       32.128048       32.105701
       32.083355       32.061001       32.038643       32.016277       31.993908
       31.769897       31.747463       31.751884       31.729445       31.706995
       31.684542       31.662079       31.639610       31.617136       31.346840
       31.324263       31.301678       31.279083       31.256481       31.233870
       31.211248       31.188618       31.165979       31.143332       31.120672
       31.125090
       32.186180       32.163853       32.141518       32.119179       32.096836
       32.074486       32.052132       32.029774       32.007412       31.985041
       31.761032       31.738596       31.743034       31.720592       31.698145
       31.675690       31.653229       31.630760       31.608284       31.337986
       31.315409       31.292822       31.270227       31.247625       31.225014
       31.202393       31.179762       31.157122       31.134474       31.111814
       31.116249
       32.321785       32.299416       32.277039       32.254662       32.232277
       32.209888       32.187496       32.165100       32.142696       32.120285
       31.895889       31.873417       31.877535       31.855053       31.832565
       31.810072       31.787571       31.765064       31.742548       31.471788
       31.449173       31.426550       31.403917       31.381275       31.358625
       31.335968       31.313299       31.290623       31.267937       31.245241
       31.249317
       32.309311       32.286945       32.264576       32.242199       32.219822
       32.197437       32.175049       32.152653       32.130253       32.107849
       31.883490       31.861021       31.865160       31.842682       31.820200
       31.797709       31.775211       31.752708       31.730196       31.459478
       31.436867       31.414248       31.391617       31.368980       31.346334
       31.323679       31.301014       31.278339       31.255657       31.232965
       31.237064
